1765.5       0.70423317E+01
1766.5       0.68975930E+01
1767.5       0.67387881E+01
1768.5       0.68945222E+01
1769.5       0.66846299E+01
1770.5       0.68542686E+01
1771.5       0.71714520E+01
1772.5       0.67340617E+01
1773.5       0.68446875E+01
1774.5       0.66313171E+01
1775.5       0.68469725E+01
1776.5       0.71693201E+01
1777.5       0.71086512E+01
1778.5       0.69403896E+01
1779.5       0.71970267E+01
1780.5       0.66330318E+01
1781.5       0.68651080E+01
1782.5       0.72524004E+01
1783.5       0.68752980E+01
1784.5       0.69316974E+01
1785.5       0.68369164E+01
1786.5       0.67546091E+01
1787.5       0.67177863E+01
1788.5       0.70041027E+01
1789.5       0.67509060E+01
1790.5       0.72042928E+01
1791.5       0.71282091E+01
1792.5       0.70496345E+01
1793.5       0.65444813E+01
1794.5       0.65117435E+01
1795.5       0.71430731E+01
1796.5       0.70602698E+01
1797.5       0.69191504E+01
1798.5       0.67481370E+01
1799.5       0.68928623E+01
1800.5       0.66798425E+01
1801.5       0.68548045E+01
1802.5       0.71825657E+01
1803.5       0.67423735E+01
1804.5       0.68592868E+01
1805.5       0.66379728E+01
1806.5       0.68545837E+01
1807.5       0.71792369E+01
1808.5       0.71283550E+01
1809.5       0.69415574E+01
1810.5       0.72266903E+01
1811.5       0.66606913E+01
1812.5       0.68938050E+01
1813.5       0.72757397E+01
1814.5       0.68945341E+01
1815.5       0.69618807E+01
1816.5       0.68694730E+01
1817.5       0.68026881E+01
1818.5       0.67518706E+01
1819.5       0.69896317E+01
1820.5       0.67736874E+01
1821.5       0.72211180E+01
1822.5       0.71480570E+01
1823.5       0.70547214E+01
1824.5       0.65706201E+01
1825.5       0.65364628E+01
1826.5       0.71761212E+01
1827.5       0.70721993E+01
1828.5       0.69395304E+01
1829.5       0.67475643E+01
1830.5       0.68912921E+01
1831.5       0.67244835E+01
1832.5       0.68575377E+01
1833.5       0.71822472E+01
1834.5       0.67782650E+01
1835.5       0.68731785E+01
1836.5       0.66815290E+01
1837.5       0.69046874E+01
1838.5       0.72171035E+01
1839.5       0.71382308E+01
1840.5       0.69821162E+01
1841.5       0.72632642E+01
1842.5       0.66940570E+01
1843.5       0.69291234E+01
1844.5       0.73015356E+01
1845.5       0.69277773E+01
1846.5       0.69969521E+01
1847.5       0.68615656E+01
1848.5       0.67866893E+01
1849.5       0.67503581E+01
1850.5       0.70105004E+01
1851.5       0.67668695E+01
1852.5       0.72253170E+01
1853.5       0.71601110E+01
1854.5       0.70656939E+01
1855.5       0.65692511E+01
1856.5       0.65338531E+01
1857.5       0.71833153E+01
1858.5       0.70746078E+01
1859.5       0.69168768E+01
1860.5       0.67362280E+01
1861.5       0.68876629E+01
1862.5       0.67157950E+01
1863.5       0.68668613E+01
1864.5       0.71850176E+01
1865.5       0.67790728E+01
1866.5       0.68617725E+01
1867.5       0.66631875E+01
1868.5       0.68736887E+01
1869.5       0.71880541E+01
1870.5       0.71551833E+01
1871.5       0.69873023E+01
1872.5       0.72767944E+01
1873.5       0.66936340E+01
1874.5       0.69156957E+01
1875.5       0.72855291E+01
1876.5       0.69111862E+01
1877.5       0.69847121E+01
1878.5       0.68607569E+01
1879.5       0.67727761E+01
1880.5       0.67422490E+01
1881.5       0.69968171E+01
1882.5       0.67629313E+01
1883.5       0.72198577E+01
1884.5       0.71594391E+01
1885.5       0.70788336E+01
1886.5       0.65880342E+01
1887.5       0.65380278E+01
1888.5       0.71606135E+01
1889.5       0.70736814E+01
1890.5       0.69042997E+01
1891.5       0.67268353E+01
1892.5       0.68922677E+01
1893.5       0.67272720E+01
1894.5       0.68643332E+01
1895.5       0.72028904E+01
1896.5       0.67947531E+01
1897.5       0.69030499E+01
1898.5       0.66989007E+01
1899.5       0.69009018E+01
1900.5       0.72146063E+01
1901.5       0.71741524E+01
1902.5       0.70027423E+01
1903.5       0.73107152E+01
1904.5       0.67371101E+01
1905.5       0.69469528E+01
1906.5       0.73298807E+01
1907.5       0.69649529E+01
1908.5       0.70209870E+01
1909.5       0.69136429E+01
1910.5       0.68129687E+01
1911.5       0.67754235E+01
1912.5       0.70586381E+01
1913.5       0.68234577E+01
1914.5       0.72840042E+01
1915.5       0.72182021E+01
1916.5       0.71477256E+01
1917.5       0.66557679E+01
1918.5       0.65857873E+01
1919.5       0.72090683E+01
1920.5       0.71229200E+01
1921.5       0.69637299E+01
1922.5       0.68116970E+01
1923.5       0.69471264E+01
1924.5       0.67835240E+01
1925.5       0.69429984E+01
1926.5       0.72604008E+01
1927.5       0.68772516E+01
1928.5       0.69821472E+01
1929.5       0.67653170E+01
1930.5       0.69882355E+01
1931.5       0.72773933E+01
1932.5       0.71455197E+01
1933.5       0.71126394E+01
1934.5       0.69594650E+01
1935.5       0.68903251E+01
1936.5       0.72720633E+01
1937.5       0.72536454E+01
1938.5       0.71537228E+01
1939.5       0.72759299E+01
1940.5       0.72399635E+01
1941.5       0.76732235E+01
1942.5       0.75602946E+01
1943.5       0.69874077E+01
1944.5       0.72972279E+01
1945.5       0.72918458E+01
1946.5       0.73145218E+01
1947.5       0.74316025E+01
1948.5       0.71521320E+01
1949.5       0.71275511E+01
1950.5       0.69620194E+01
1951.5       0.68942504E+01
1952.5       0.71318631E+01
1953.5       0.73740764E+01
1954.5       0.71258683E+01
1955.5       0.70688586E+01
1956.5       0.68410168E+01
1957.5       0.70949955E+01
1958.5       0.76635623E+01
1959.5       0.74377389E+01
1960.5       0.73038392E+01
1961.5       0.74116092E+01
1962.5       0.72381730E+01
1963.5       0.74661283E+01
1964.5       0.73777099E+01
1965.5       0.68984308E+01
1966.5       0.77273664E+01
1967.5       0.74833856E+01
1968.5       0.72860885E+01
1969.5       0.78719940E+01
1970.5       0.75366220E+01
1971.5       0.73038564E+01
1972.5       0.74094148E+01
1973.5       0.83538275E+01
1974.5       0.75531855E+01
1975.5       0.74823413E+01
1976.5       0.71495361E+01
1977.5       0.81092243E+01
1978.5       0.79380193E+01
1979.5       0.78110466E+01
1980.5       0.81170492E+01
1981.5       0.83021364E+01
1982.5       0.78818331E+01
1983.5       0.86028757E+01
1984.5       0.82271032E+01
1985.5       0.83115473E+01
1986.5       0.82196884E+01
1987.5       0.86134043E+01
1988.5       0.90853891E+01
1989.5       0.82027893E+01
1990.5       0.84942455E+01
1991.5       0.86790705E+01
1992.5       0.82379570E+01
1993.5       0.83170452E+01
1994.5       0.85399036E+01
1995.5       0.89146051E+01
1996.5       0.88599262E+01
1997.5       0.87137899E+01
1998.5       0.95251570E+01
1999.5       0.85826864E+01
2000.5       0.86702623E+01
2001.5       0.87623386E+01
2002.5       0.89117517E+01
2003.5       0.93077555E+01
2004.5       0.92815914E+01
2005.5       0.91676855E+01
2006.5       0.93080530E+01
