1700	1.33533493208227												
1701	1.33533493208227												
1702	1.33533493208227												
1703	1.33533493208227												
1704	1.33533493208227												
1705	1.33533493208227												
1706	1.33533493208227												
1707	1.33533493208227												
1708	1.33533493208227												
1709	1.33533493208227												
1710	1.33533493208227												
1711	1.33533493208227												
1712	1.33533493208227												
1713	1.33533493208227												
1714	1.33533493208227												
1715	1.33533493208227												
1716	1.33533493208227												
1717	1.33533493208227												
1718	1.33533493208227												
1719	1.33533493208227												
1720	1.33533493208227												
1721	1.33533493208227												
1722	1.33533493208227												
1723	1.33533493208227												
1724	1.33533493208227												
1725	1.33533493208227												
1726	1.33533493208227												
1727	1.33533493208227												
1728	1.33533493208227												
1729	1.33533493208227												
1730	1.33533493208227												
1731	1.33533493208227												
1732	1.33533493208227												
1733	1.33533493208227												
1734	1.33533493208227												
1735	1.33533493208227												
1736	1.33533493208227												
1737	1.33533493208227												
1738	1.33533493208227												
1739	1.33533493208227												
1740	1.33533493208227												
1741	1.33533493208227												
1742	1.33533493208227												
1743	1.33533493208227												
1744	1.33533493208227												
1745	1.33533493208227												
1746	1.33533493208227												
1747	1.33533493208227												
1748	1.33533493208227												
1749	1.33533493208227												
1750	1.33533493208227												
1751	1.33533493208227												
1752	1.33533493208227												
1753	1.33533493208227												
1754	1.33533493208227												
1755	1.33533493208227												
1756	1.33533493208227												
1757	1.33533493208227												
1758	1.33533493208227												
1759	1.33533493208227												
1760	1.33533493208227												
1761	1.33533493208227												
1762	1.33533493208227												
1763	1.33533493208227												
1764	1.33533493208227												
1765	1.33533493208227												
1766	1.33533493208227												
1767	1.33533493208227												
1768	1.33533493208227												
1769	1.33533493208227												
1770	1.33533493208227												
1771	1.33533493208227												
1772	1.33533493208227												
1773	1.33533493208227												
1774	1.33533493208227												
1775	1.33533493208227												
1776	1.33533493208227												
1777	1.33533493208227												
1778	1.33533493208227												
1779	1.33533493208227												
1780	1.33533493208227												
1781	1.33533493208227												
1782	1.33533493208227												
1783	1.33533493208227												
1784	1.33533493208227												
1785	1.33533493208227												
1786	1.33533493208227												
1787	1.33533493208227												
1788	1.33533493208227												
1789	1.33533493208227												
1790	1.33533493208227												
1791	1.33533493208227												
1792	1.33533493208227												
1793	1.33533493208227												
1794	1.33533493208227												
1795	1.33533493208227												
1796	1.33533493208227												
1797	1.33533493208227												
1798	1.33533493208227												
1799	1.33533493208227												
1800	1.33533493208227												
1801	1.33533493208227												
1802	1.33533493208227												
1803	1.33533493208227												
1804	1.33533493208227												
1805	1.33533493208227												
1806	1.33533493208227												
1807	1.33533493208227												
1808	1.33533493208227												
1809	1.33533493208227												
1810	1.33533493208227												
1811	1.33533493208227												
1812	1.33533493208227												
1813	1.33533493208227												
1814	1.33533493208227												
1815	1.33533493208227												
1816	1.33533493208227												
1817	1.33533493208227												
1818	1.33533493208227												
1819	1.33533493208227												
1820	1.33533493208227												
1821	1.33533493208227												
1822	1.33533493208227												
1823	1.33533493208227												
1824	1.33533493208227												
1825	1.33533493208227												
1826	1.33533493208227												
1827	1.33533493208227												
1828	1.33533493208227												
1829	1.33533493208227												
1830	1.33533493208227												
1831	1.33533493208227												
1832	1.33533493208227												
1833	1.33533493208227												
1834	1.33533493208227												
1835	1.33533493208227												
1836	1.33533493208227												
1837	1.33533493208227												
1838	1.33533493208227												
1839	1.33533493208227												
1840	1.33533493208227												
1841	1.33533493208227												
1842	1.33533493208227												
1843	1.33533493208227												
1844	1.33533493208227												
1845	1.33533493208227												
1846	1.33533493208227												
1847	1.33533493208227												
1848	1.33533493208227												
1849	1.33533493208227												
1850	1.33533493208227												
1851	1.33533493208227												
1852	1.33533493208227												
1853	1.33533493208227												
1854	1.33533493208227												
1855	1.33533493208227												
1856	1.33533493208227												
1857	1.33533493208227												
1858	1.33533493208227												
1859	1.33533493208227												
1860	1.33589048752013												
1861	1.34259604218142												
1862	1.3493015968427												
1863	1.35446965169813												
1864	1.36117520635942												
1865	1.3678807610207												
1866	1.37151131607028												
1867	1.37821687073156												
1868	1.3864599251987												
1869	1.39470297966585												
1870	1.40294603413299												
1871	1.41118908860013												
1872	1.41789464326142												
1873	1.42767519753441												
1874	1.43591825200156												
1875	1.44108630685699												
1876	1.45240436093584												
1877	1.45910991559713												
1878	1.47042796967598												
1879	1.47559602453141												
1880	1.48691407861027												
1881	1.4920821334657												
1882	1.50186268773869												
1883	1.51010574220584												
1884	1.51834879667298												
1885	1.52659185114012												
1886	1.53483490560726												
1887	1.54307796007441												
1888	1.54978351473569												
1889	1.55802656920283												
1890	1.56473212386412												
1891	1.56836267891369												
1892	1.57199323396326												
1893	1.57869878862455												
1894	1.58694184309169												
1895	1.59672239736469												
1896	1.60189045222012												
1897	1.60552100726969												
1898	1.61068906212512												
1899	1.6143196171747												
1900	1.63169845189974												
1901	1.64753978681893												
1902	1.66338112173812												
1903	1.67768495685145												
1904	1.69352629177064												
1905	1.71859262552497												
1906	1.73904645986173												
1907	1.75642529458678												
1908	1.77380412931182												
1909	1.78964546423101												
1910	1.7963510188923												
1911	1.80766907297115												
1912	1.81898712705001												
1913	1.83338018074057												
1914	1.85238573384871												
1915	1.86524128773342												
1916	1.87194684239471												
1917	1.88326489647356												
1918	1.89458295055242												
1919	1.90282600501956												
1920	1.92481733916218												
1921	1.94373367369308												
1922	1.96265000822398												
1923	1.97849134314317												
1924	1.99587017786822												
1925	2.04246150890453												
1926	2.08136534091157												
1927	2.10796917447175												
1928	2.12996050861437												
1929	2.1442643437277												
1930	2.14789489877727												
1931	2.15921295285613												
1932	2.16591850751742												
1933	2.16801156276113												
1934	2.16856711819899												
1935	2.16912267363685												
1936	2.18044072771571												
1937	2.18868378218285												
1938	2.19385183703828												
1939	2.195944892282												
1940	2.2040987281719												
1941	2.21532756367353												
1942	2.22348139956343												
1943	2.23317273525919												
1944	2.24593907056667												
1945	2.26178040548586												
1946	2.28838423904604												
1947	2.32113807182966												
1948	2.35696690422497												
1949	2.4035582352613												
1950	2.47863885089182												
1951	2.5552569663282												
1952	2.62572508254116												
1953	2.69619319875411												
1954	2.75743631613193												
1955	2.80791693486876												
1956	2.86608505263487												
1957	2.93501566904197												
1958	3.01624628389592												
1959	3.09747689874987												
1960	3.16025751593354												
1961	3.18613813777666												
1962	3.25968125360133												
1963	3.32399937059087												
1964	3.38370498816282												
1965	3.45878560379335												
1966	3.52310372078288												
1967	3.60125933602512												
1968	3.66557745301465												
1969	3.71298307213977												
1970	3.73153306926254												
1971	3.77468306327902												
1972	3.84005150038505												
1973	3.8997951610717												
1974	4.02122232725256												
1975	4.11397016595469												
1976	4.10586835919532												
1977	4.16803976010413												
1978	4.22083051536856												
1979	4.28912085809674												
1980	4.35107494126265												
1981	4.31500954014104												
1982	4.32336361819408												
1983	4.26598977062259												
1984	4.31049251022862												
1985	4.35195949746036												
1986	4.35948914046074												
1987	4.37307693026358												
1988	4.40009054364095												
1989	4.45543594034859												
1990	4.49587588662314												
1991	4.37801239170453												
1992	4.36872172750981												
1993	4.35692105663237												
1994	4.37948752858462												
1995	4.44730396984298												
1996	4.50420696008872												
1997	4.49556737082859												
1998	4.51507025561488												
1999	4.42069721633687												
2000	4.39189571199598												
2001	4.43117345199232												
2002	4.45286158571302												
2003	4.42773511019533												
2004	4.47204178859598												
2005	4.48145003716573												
2010	4.5346428889992												
2020	4.64102859266613												
2030	4.74741429633307												
2040	4.8538												
2050	5.22838												
2060	5.60533												
2070	5.85728												
2080	6.63642												
2090	7.5518												
2100	8.02327												
